=>Starting Centralized Run on cuda
[1,   200] loss: 1.378
[1,   400] loss: 0.547
[1,   600] loss: 0.467
[1,   800] loss: 0.426
[2,   200] loss: 0.357
[2,   400] loss: 0.348
[2,   600] loss: 0.359
[2,   800] loss: 0.353
[3,   200] loss: 0.324
[3,   400] loss: 0.305
[3,   600] loss: 0.302
[3,   800] loss: 0.308
[4,   200] loss: 0.293
[4,   400] loss: 0.287
[4,   600] loss: 0.278
[4,   800] loss: 0.289
[5,   200] loss: 0.257
[5,   400] loss: 0.265
[5,   600] loss: 0.276
[5,   800] loss: 0.269
[6,   200] loss: 0.250
[6,   400] loss: 0.257
[6,   600] loss: 0.264
[6,   800] loss: 0.263
[7,   200] loss: 0.245
[7,   400] loss: 0.255
[7,   600] loss: 0.246
[7,   800] loss: 0.241
[8,   200] loss: 0.232
[8,   400] loss: 0.230
[8,   600] loss: 0.241
[8,   800] loss: 0.238
[9,   200] loss: 0.230
[9,   400] loss: 0.218
[9,   600] loss: 0.232
[9,   800] loss: 0.243
[10,   200] loss: 0.230
[10,   400] loss: 0.231
[10,   600] loss: 0.208
[10,   800] loss: 0.220
<== Training Finished

Path Norm: 32.67876434326172
